2048
2016
1984
1920
1792
1536
2032
2000
1024
1968
1952
1904
1888
1856
1776
1760
1728
1784
1912
1976
2008
2040
1528
2024
1520
1504
1664
1472
1992
1016
1960
1008
1944
1408
1896
1936
992
1880
1872
1848
1768
960
1840
1752
1744
1280
1824
1020
1532
1724
1756
1772
1788
1852
1884
1900
1916
1948
1964
1980
1996
2012
2028
2044
1720
1780
1908
1972
2004
2036
1524
2020
1712
1516
1512
896
1500
1660
1496
1696
1656
1488
1648
1468
1464
1988
1456
1012
1632
1956
1004
768
1940
1404
1000
1892
1932
1400
988
1440
1876
1928
984
1868
1392
1600
1844
1864
976
1764
956
1836
1748
952
958
990
1006
1014
1022
1406
1470
1502
1518
1526
1534
1662
1726
1750
1758
1766
1774
1782
1790
1838
1846
1854
1870
1878
1886
1894
1902
1910
1918
1934
1942
1950
1958
1966
1974
1982
1990
1998
2006
2014
2022
2030
2038
2046
1742
1832
1278
1822
1376
1018
1530
1722
1754
1770
1786
1850
1882
1898
1914
1946
1962
1978
1994
2010
2026
2042
1740
1276
1718
1820
1778
1906
1970
2002
2034
1716
1522
1736
2018
1272
944
1710
1816
1514
512
1708
1510
894
1498
1508
892
1658
1704
1494
1264
1694
1654
1808
1492
888
1692
1652
1344
1486
928
1646
1466
1484
1688
1644
1462
1460
1480
880
1248
1986
1640
1454
1010
1630
1954
1452
1680
1002
1628
766
1938
1402
998
764
1890
1930
1448
1398
986
996
1438
1624
1874
864
1926
1396
982
1436
760
1866
1924
1390
1598
980
1842
1216
1862
1388
974
1762
1596
1432
954
767
895
955
959
975
983
987
991
999
1003
1007
1011
1015
1019
1023
1279
1391
1399
1403
1407
1439
1455
1463
1467
1471
1487
1495
1499
1503
1511
1515
1519
1523
1527
1531
1535
1599
1631
1647
1655
1659
1663
1695
1711
1719
1723
1727
1743
1751
1755
1759
1763
1767
1771
1775
1779
1783
1787
1791
1823
1835
1839
1843
1847
1851
1855
1863
1867
1871
1875
1879
1883
1887
1891
1895
1899
1903
1907
1911
1915
1919
1927
1931
1935
1939
1943
1947
1951
1955
1959
1963
1967
1971
1975
1979
1983
1987
1991
1995
1999
2003
2007
2011
2015
2019
2023
2027
2031
2035
2039
2043
2047
1747
1834
1616
1860
951
957
989
1005
1013
1021
1405
1469
1501
1517
1525
1533
1661
1725
1749
1757
1765
1773
1781
1789
1837
1845
1853
1869
1877
1885
1893
1901
1909
1917
1933
1941
1949
1957
1965
1973
1981
1989
1997
2005
2013
2021
2029
2037
2045
1741
972
1746
1831
1277
1821
1375
950
1017
1529
1721
1753
1769
1785
1849
1881
1897
1913
1945
1961
1977
1993
2009
2025
2041
1739
1830
752
1275
1384
1717
1819
1592
1374
1777
1905
1969
2001
2033
1738
1274
1715
948
1818
1521
1735
1828
2017
1271
943
968
1709
1714
1372
1815
1513
511
1734
1270
1424
832
942
1707
1814
1509
510
893
1706
1497
1732
1507
1268
891
940
1657
1703
1812
1493
508
1506
1263
890
1693
1584
1653
1807
1368
1702
1491
1262
887
1691
1651
1806
1343
736
1485
1490
927
886
1152
1690
1645
1700
1650
1342
1465
1483
1260
926
936
1687
1804
1643
504
1461
1482
884
1686
1642
1340
1459
1479
924
879
1247
1985
1360
1639
1453
1458
1478
878
1009
1246
1684
1629
1256
1953
1638
1451
1679
1800
1001
1568
1627
765
1937
1401
1450
1476
876
1678
1336
1244
997
920
496
1626
1636
763
1889
1929
1447
1397
985
995
1437
1623
762
1873
863
1925
1446
1395
1676
704
981
994
1435
1622
759
1865
862
1923
1389
1394
1597
979
872
1434
1240
758
1841
1215
1861
1444
1922
1387
973
1761
1595
978
1431
1620
953
1328
1833
860
1214
1615
1859
1386
912
971
1745
1594
1672
1430
756
949
1829
751
1614
1383
1858
1591
1373
970
1737
480
1273
947
1817
1212
1827
750
1382
967
1590
1713
1371
1733
1269
1423
1428
831
941
1232
946
1813
856
509
1826
1612
966
1370
1705
1731
1267
1422
830
939
1811
748
507
1505
1380
640
889
1583
1588
1367
1701
1730
1261
1266
1208
938
1805
1810
1312
735
506
1489
885
1151
1689
1582
964
1366
1699
1649
1341
1420
1259
925
1608
828
935
1803
734
503
1481
1150
883
1685
1698
1641
1339
744
848
1258
923
934
448
1802
1359
502
1580
1457
1477
1364
877
882
1245
1683
1255
1637
1338
922
1799
732
1567
1416
1358
1148
824
1200
1449
1475
875
1677
1243
1335
1682
919
1254
932
495
1625
1635
1798
500
1566
761
1474
1445
874
1675
1242
1334
703
993
918
1576
494
1621
1634
1356
861
1393
871
1433
1239
1252
757
728
1443
1921
1144
1674
702
1796
977
1619
1564
1327
859
1213
384
1385
911
1332
1593
1671
816
1429
916
870
492
1238
755
1613
1857
1442
969
479
1184
1618
1211
1326
858
1352
749
1381
700
910
1589
1670
1427
754
1231
945
855
1825
1611
256
868
1236
965
1369
1560
478
1421
720
829
1210
1136
747
1379
639
488
1587
1426
1324
1729
1265
1230
1207
854
908
937
1610
1809
1668
1311
505
1581
963
1365
800
1419
696
1607
827
746
476
1378
638
733
1586
1149
1206
1697
743
847
1257
1310
933
447
1801
962
1228
501
1579
852
1363
881
1418
1606
826
1552
1337
1320
921
904
731
1415
1147
1357
823
1120
1199
742
846
636
1681
1253
931
446
1204
1578
1362
472
1797
499
1308
1565
688
1473
873
730
1241
1333
1604
1414
1146
917
1575
493
822
1633
1198
1355
1224
930
1251
727
740
498
844
1143
1673
701
1795
444
1563
632
383
1331
1574
815
1088
869
915
491
1354
1237
1441
1304
1412
1250
726
1183
820
464
1196
1617
1142
1325
1794
857
1351
699
672
909
1562
1669
382
753
1330
814
255
914
867
490
1235
840
1559
477
1572
719
440
1209
1135
1182
487
624
1425
1323
1350
698
1229
724
853
907
1609
1140
1667
1192
1296
254
866
799
695
1234
380
1558
745
475
1377
637
718
812
1585
1134
1205
486
1322
1309
1180
906
961
1227
1666
851
1348
432
1417
1605
128
825
1551
608
1319
798
694
903
474
252
1119
576
741
635
845
1556
716
445
376
1132
1203
1577
808
1361
471
1307
484
1226
850
687
416
1550
729
1176
1318
1603
1413
1145
821
902
1197
1223
692
796
1118
929
634
739
497
843
248
1202
320
368
443
470
1306
192
712
631
686
1128
1573
1087
1353
1602
1168
1548
1316
1303
352
64
1222
1411
1249
900
725
463
819
1195
1141
792
1793
1116
738
842
671
1561
240
442
381
224
468
1329
630
813
913
489
684
1086
839
439
1571
1302
1544
1410
1181
784
462
818
1220
1194
623
1349
697
1112
723
670
1139
1191
253
1295
628
680
865
1056
1233
379
838
1557
1104
1084
717
811
438
1570
32
96
160
288
544
1133
1300
460
485
622
1321
722
1179
905
668
1138
1665
1347
431
127
1190
1294
1080
607
1072
836
378
693
797
456
436
473
810
251
656
664
575
1555
620
715
375
1178
1131
807
1346
1188
1292
112
592
430
483
1225
849
126
616
400
560
606
415
1549
16
48
80
144
176
208
272
304
336
528
1040
1175
1317
250
1288
901
574
1554
691
795
1117
374
714
633
428
1130
124
424
806
604
120
600
247
482
1201
319
414
568
367
469
572
1305
191
711
1174
685
408
372
1127
804
690
794
1601
184
312
360
412
1167
1547
56
344
1160
351
1315
246
1172
63
1221
216
232
899
318
366
8
24
40
72
88
104
136
152
168
200
264
280
296
328
392
520
536
552
584
648
776
1032
1048
1064
1096
791
190
710
737
1115
1126
841
244
316
239
364
441
188
708
1166
1124
1314
1546
223
467
62
350
348
1164
629
898
60
683
788
1085
790
236
1114
238
220
1301
1409
1543
783
222
466
1540
461
817
1193
1219
780
1108
682
676
1052
1100
669
1111
28
92
156
284
540
782
1542
1068
1076
1218
4
12
20
36
44
52
68
76
84
100
108
116
132
140
148
164
172
180
196
204
212
228
260
268
276
292
300
308
324
332
340
356
388
396
404
420
452
516
524
532
548
556
564
580
588
596
612
644
652
660
772
1028
1036
1044
1060
1092
1156
1284
1110
627
679
1055
837
1103
1083
626
678
1054
437
1569
31
95
159
287
543
1082
1102
1299
30
94
158
286
542
1298
458
459
621
721
666
667
1070
1078
1137
434
454
834
618
654
662
1079
1189
1293
110
590
614
1186
1290
1071
377
835
14
46
78
142
174
206
270
302
334
398
526
558
1038
1286
455
435
809
118
122
422
426
598
602
655
663
2
6
10
18
22
26
34
38
42
50
54
58
66
70
74
82
86
90
98
102
106
114
130
134
138
146
150
154
162
166
170
178
182
186
194
198
202
210
214
218
226
230
234
242
258
262
266
274
278
282
290
294
298
306
310
314
322
326
330
338
342
346
354
358
362
370
386
390
394
402
406
410
418
450
514
518
522
530
534
538
546
550
554
562
566
570
578
582
586
594
610
642
646
650
658
674
706
770
774
778
786
802
1026
1030
1034
1042
1046
1050
1058
1062
1066
1074
1090
1094
1098
1106
1122
1154
1158
1162
1170
1282
1538
619
1177
111
125
429
591
1187
1291
1345
399
559
605
615
15
47
79
143
175
207
271
303
335
527
1039
249
573
1287
1553
373
713
119
123
423
427
481
599
603
805
1129
413
567
371
407
571
803
1173
55
183
245
311
343
359
411
689
793
1159
1171
7
23
39
71
87
103
135
151
167
189
199
215
231
243
263
279
295
315
317
327
365
391
519
535
551
583
647
709
775
1031
1047
1063
1095
1125
59
61
187
347
349
363
707
787
789
897
1123
1163
1165
1313
1545
1
3
5
9
11
13
17
19
21
25
27
29
33
35
37
41
43
45
49
51
53
57
65
67
69
73
75
77
81
83
85
89
91
93
97
99
101
105
107
109
113
115
117
121
129
131
133
137
139
141
145
147
149
153
155
157
161
163
165
169
171
173
177
179
181
185
193
195
197
201
203
205
209
211
213
217
219
221
225
227
229
233
235
237
241
257
259
261
265
267
269
273
275
277
281
283
285
289
291
293
297
299
301
305
307
309
313
321
323
325
329
331
333
337
339
341
345
353
355
357
361
369
385
387
389
393
395
397
401
403
405
409
417
419
421
425
433
449
451
453
457
465
513
515
517
521
523
525
529
531
533
537
539
541
545
547
549
553
555
557
561
563
565
569
577
579
581
585
587
589
593
595
597
601
609
611
613
617
625
641
643
645
649
651
653
657
659
661
665
673
675
677
681
705
769
771
773
777
779
781
785
801
833
1025
1027
1029
1033
1035
1037
1041
1043
1045
1049
1051
1053
1057
1059
1061
1065
1067
1069
1073
1075
1077
1081
1089
1091
1093
1097
1099
1101
1105
1107
1109
1113
1121
1153
1155
1157
1161
1169
1185
1217
1281
1283
1285
1289
1297
1537
1539
1541
